x y time dx dy dt dr^2 TotalDisplacementSquared
11
5.64E-05 3.72E-05 0 0 0 0 0 0
5.64E-05 3.68E-05 0.1630163 0 -4E-07 0.1630163 1.6E-13 1.6E-13
5.64E-05 3.72E-05 0.3270327 0 4E-07 0.1640164 1.6E-13 0
5.64E-05 3.68E-05 0.4910491 0 -4E-07 0.1640164 1.6E-13 1.6E-13
5.64E-05 3.72E-05 0.6550655 0 4E-07 0.1640164 1.6E-13 0
5.64E-05 3.8E-05 0.8190819 0 8E-07 0.1640164 6.4E-13 6.4E-13
5.6E-05 3.8E-05 0.9820982 -4E-07 0 0.1630163 1.6E-13 8E-13
5.48E-05 3.8E-05 1.4741474 -1.2E-06 0 0.4920492 1.44E-12 3.2E-12
5.48E-05 3.8E-05 1.6371637 0 0 0.1630163 0 3.2E-12
5.48E-05 3.76E-05 1.9651965 0 -4E-07 0.3280328 1.6E-13 2.72E-12
5.56E-05 3.72E-05 2.1292129 8E-07 -4E-07 0.1640164 8E-13 6.4E-13
11
7.24E-05 6.4E-05 0 0 0 0 0 0
7.32E-05 6.4E-05 0.4910491 8E-07 0 0.4910491 6.4E-13 6.4E-13
7.36E-05 6.4E-05 0.8190819 4E-07 0 0.3280328 1.6E-13 1.44E-12
7.36E-05 6.44E-05 0.9820982 0 4E-07 0.1630163 1.6E-13 1.6E-12
7.32E-05 6.52E-05 1.310131 -4E-07 8E-07 0.3280328 8E-13 2.08E-12
7.32E-05 6.56E-05 1.4741474 0 4E-07 0.1640164 1.6E-13 3.2E-12
7.28E-05 6.6E-05 1.6381638 -4E-07 4E-07 0.1640164 3.2E-13 4.16E-12
7.2E-05 6.6E-05 1.8011801 -8E-07 0 0.1630163 6.4E-13 4.16E-12
7.16E-05 6.6E-05 1.9651965 -4E-07 0 0.1640164 1.6E-13 4.64E-12
7.12E-05 6.6E-05 2.1292129 -4E-07 0 0.1640164 1.6E-13 5.44E-12
7.08E-05 6.56E-05 2.2932293 -4E-07 -4E-07 0.1640164 3.2E-13 5.12E-12
11
3.92E-05 2.12E-05 0 0 0 0 0 0
3.88E-05 2.08E-05 0.1640164 -4E-07 -4E-07 0.1640164 3.2E-13 3.2E-13
3.88E-05 2.08E-05 0.3280328 0 0 0.1640164 0 3.2E-13
3.96E-05 2.08E-05 0.4910491 8E-07 0 0.1630163 6.4E-13 3.2E-13
4E-05 2.08E-05 0.6550655 4E-07 0 0.1640164 1.6E-13 8E-13
4E-05 2.08E-05 0.8190819 0 0 0.1640164 0 8E-13
4E-05 2.12E-05 0.9830983 0 4E-07 0.1640164 1.6E-13 6.4E-13
3.96E-05 2.12E-05 1.1471147 -4E-07 0 0.1640164 1.6E-13 1.6E-13
3.92E-05 2.08E-05 1.310131 -4E-07 -4E-07 0.1630163 3.2E-13 1.6E-13
3.84E-05 1.88E-05 1.8021802 -8E-07 -2E-06 0.4920492 4.64E-12 6.4E-12
3.84E-05 1.8E-05 1.9661966 0 -8E-07 0.1640164 6.4E-13 1.088E-11
12
5.88E-05 4.32E-05 0 0 0 0 0 0
5.88E-05 4.32E-05 0.3270327 0 0 0.3270327 0 0
5.88E-05 4.4E-05 0.4910491 0 8E-07 0.1640164 6.4E-13 6.4E-13
5.84E-05 4.52E-05 0.8190819 -4E-07 1.2E-06 0.3280328 1.6E-12 4.16E-12
5.88E-05 4.6E-05 0.9830983 4E-07 8E-07 0.1640164 8E-13 7.84E-12
6E-05 4.68E-05 1.310131 1.2E-06 8E-07 0.3270327 2.08E-12 1.44E-11
6.12E-05 4.76E-05 1.8011801 1.2E-06 8E-07 0.4910491 2.08E-12 2.512E-11
6.28E-05 4.84E-05 2.2932293 1.6E-06 8E-07 0.4920492 3.2E-12 4.304E-11
6.44E-05 4.84E-05 2.7842784 1.6E-06 0 0.4910491 2.56E-12 5.84E-11
6.4E-05 4.84E-05 2.9482948 -4E-07 0 0.1640164 1.6E-13 5.408E-11
6.4E-05 4.84E-05 3.1123112 0 0 0.1640164 0 5.408E-11
6.48E-05 4.84E-05 3.2763276 8E-07 0 0.1640164 6.4E-13 6.304E-11
12
3.24E-05 2.88E-05 0 0 0 0 0 0
3.24E-05 2.88E-05 0.3280328 0 0 0.3280328 0 0
3.2E-05 2.88E-05 0.6550655 -4E-07 0 0.3270327 1.6E-13 1.6E-13
3.24E-05 2.88E-05 0.8190819 4E-07 0 0.1640164 1.6E-13 0
3.32E-05 2.88E-05 0.9830983 8E-07 0 0.1640164 6.4E-13 6.4E-13
3.32E-05 2.88E-05 1.1471147 0 0 0.1640164 0 6.4E-13
3.32E-05 2.88E-05 1.310131 0 0 0.1630163 0 6.4E-13
3.36E-05 2.88E-05 1.6381638 4E-07 0 0.3280328 1.6E-13 1.44E-12
3.24E-05 2.88E-05 1.9661966 -1.2E-06 0 0.3280328 1.44E-12 0
3.24E-05 2.88E-05 2.1292129 0 0 0.1630163 0 0
3.32E-05 2.8E-05 2.2932293 8E-07 -8E-07 0.1640164 1.28E-12 1.28E-12
3.44E-05 2.6E-05 2.6212621 1.2E-06 -2E-06 0.3280328 5.44E-12 1.184E-11
13
7.4E-05 1.2E-06 0 0 0 0 0 0
7.4E-05 1.2E-06 0.1640164 0 0 0.1640164 0 0
7.4E-05 1.2E-06 0.4910491 0 0 0.3270327 0 0
7.44E-05 1.2E-06 0.6550655 4E-07 0 0.1640164 1.6E-13 1.6E-13
7.4E-05 1.2E-06 0.8190819 -4E-07 0 0.1640164 1.6E-13 0
7.44E-05 1.2E-06 0.9830983 4E-07 0 0.1640164 1.6E-13 1.6E-13
7.4E-05 1.2E-06 1.1471147 -4E-07 0 0.1640164 1.6E-13 0
7.4E-05 8E-07 1.310131 0 -4E-07 0.1630163 1.6E-13 1.6E-13
7.44E-05 4E-07 1.4741474 4E-07 -4E-07 0.1640164 3.2E-13 8E-13
7.44E-05 0 1.6381638 0 -4E-07 0.1640164 1.6E-13 1.6E-12
7.48E-05 0 1.8021802 4E-07 0 0.1640164 1.6E-13 2.08E-12
7.52E-05 4E-07 2.2932293 4E-07 4E-07 0.4910491 3.2E-13 2.08E-12
7.56E-05 1.6E-06 2.7852785 4E-07 1.2E-06 0.4920492 1.6E-12 2.72E-12
11
3.24E-05 1.6E-06 0 0 0 0 0 0
3.24E-05 2E-06 0.4910491 0 4E-07 0.4910491 1.6E-13 1.6E-13
3.24E-05 1.6E-06 0.6550655 0 -4E-07 0.1640164 1.6E-13 0
3.24E-05 2E-06 0.8190819 0 4E-07 0.1640164 1.6E-13 1.6E-13
3.2E-05 1.6E-06 0.9820982 -4E-07 -4E-07 0.1630163 3.2E-13 1.6E-13
3.2E-05 1.6E-06 1.1461146 0 0 0.1640164 0 1.6E-13
3.2E-05 2E-06 1.4741474 0 4E-07 0.3280328 1.6E-13 3.2E-13
3.16E-05 1.6E-06 1.8011801 -4E-07 -4E-07 0.3270327 3.2E-13 6.4E-13
3.16E-05 8E-07 2.2932293 0 -8E-07 0.4920492 6.4E-13 1.28E-12
3.16E-05 8E-07 2.7842784 0 0 0.4910491 0 1.28E-12
3.2E-05 8E-07 2.9482948 4E-07 0 0.1640164 1.6E-13 8E-13
15
4.4E-05 3.56E-05 0 0 0 0 0 0
4.48E-05 3.56E-05 0.1640164 8E-07 0 0.1640164 6.4E-13 6.4E-13
4.72E-05 3.56E-05 0.6550655 2.4E-06 0 0.4910491 5.76E-12 1.024E-11
4.76E-05 3.52E-05 0.8190819 4E-07 -4E-07 0.1640164 3.2E-13 1.312E-11
4.76E-05 3.52E-05 0.9820982 0 0 0.1630163 0 1.312E-11
4.68E-05 3.52E-05 1.1461146 -8E-07 0 0.1640164 6.4E-13 8E-12
4.52E-05 3.56E-05 1.4741474 -1.6E-06 4E-07 0.3280328 2.72E-12 1.44E-12
4.28E-05 3.56E-05 1.9651965 -2.4E-06 0 0.4910491 5.76E-12 1.44E-12
4.24E-05 3.6E-05 2.1292129 -4E-07 4E-07 0.1640164 3.2E-13 2.72E-12
4.24E-05 3.64E-05 2.2932293 0 4E-07 0.1640164 1.6E-13 3.2E-12
4.2E-05 3.64E-05 2.620262 -4E-07 0 0.3270327 1.6E-13 4.64E-12
4.2E-05 3.64E-05 2.9482948 0 0 0.3280328 0 4.64E-12
4.28E-05 3.64E-05 3.2763276 8E-07 0 0.3280328 6.4E-13 2.08E-12
4.32E-05 3.64E-05 3.7673767 4E-07 0 0.4910491 1.6E-13 1.28E-12
4.36E-05 3.6E-05 3.9313931 4E-07 -4E-07 0.1640164 3.2E-13 3.2E-13
11
1.48E-05 7.48E-05 0 0 0 0 0 0
1.48E-05 7.48E-05 0.4910491 0 0 0.4910491 0 0
1.48E-05 7.44E-05 0.6550655 0 -4E-07 0.1640164 1.6E-13 1.6E-13
1.44E-05 7.48E-05 0.8190819 -4E-07 4E-07 0.1640164 3.2E-13 1.6E-13
1.4E-05 7.48E-05 0.9830983 -4E-07 0 0.1640164 1.6E-13 6.4E-13
1.4E-05 7.44E-05 1.1461146 0 -4E-07 0.1630163 1.6E-13 8E-13
1.44E-05 7.4E-05 1.310131 4E-07 -4E-07 0.1640164 3.2E-13 8E-13
1.4E-05 7.36E-05 1.4741474 -4E-07 -4E-07 0.1640164 3.2E-13 2.08E-12
1.36E-05 7.4E-05 1.6381638 -4E-07 4E-07 0.1640164 3.2E-13 2.08E-12
1.32E-05 7.48E-05 2.1292129 -4E-07 8E-07 0.4910491 8E-13 2.56E-12
1.32E-05 7.56E-05 2.2932293 0 8E-07 0.1640164 6.4E-13 3.2E-12
11
2.12E-05 4.12E-05 0 0 0 0 0 0
2.12E-05 4.16E-05 0.3280328 0 4E-07 0.3280328 1.6E-13 1.6E-13
2.12E-05 4.16E-05 0.4920492 0 0 0.1640164 0 1.6E-13
2.04E-05 4.16E-05 0.6560656 -8E-07 0 0.1640164 6.4E-13 8E-13
2.04E-05 4.16E-05 0.8190819 0 0 0.1630163 0 8E-13
2.12E-05 4.16E-05 1.1471147 8E-07 0 0.3280328 6.4E-13 1.6E-13
2.12E-05 4.16E-05 1.3111311 0 0 0.1640164 0 1.6E-13
2.08E-05 4.16E-05 1.4751475 -4E-07 0 0.1640164 1.6E-13 3.2E-13
2.04E-05 4.12E-05 1.6381638 -4E-07 -4E-07 0.1630163 3.2E-13 6.4E-13
1.96E-05 3.96E-05 1.9661966 -8E-07 -1.6E-06 0.3280328 3.2E-12 5.12E-12
1.88E-05 3.64E-05 2.4572457 -8E-07 -3.2E-06 0.4910491 1.088E-11 2.88E-11
11
7.28E-05 3.32E-05 0 0 0 0 0 0
7.28E-05 3.32E-05 0.1640164 0 0 0.1640164 0 0
7.24E-05 3.28E-05 0.3280328 -4E-07 -4E-07 0.1640164 3.2E-13 3.2E-13
7.16E-05 3.2E-05 0.8190819 -8E-07 -8E-07 0.4910491 1.28E-12 2.88E-12
7.12E-05 3.12E-05 1.1461146 -4E-07 -8E-07 0.3270327 8E-13 6.56E-12
7.16E-05 3.16E-05 1.6381638 4E-07 4E-07 0.4920492 3.2E-13 4E-12
7.16E-05 3.12E-05 1.8021802 0 -4E-07 0.1640164 1.6E-13 5.44E-12
7.16E-05 3.16E-05 1.9651965 0 4E-07 0.1630163 1.6E-13 4E-12
7.16E-05 3.24E-05 2.1292129 0 8E-07 0.1640164 6.4E-13 2.08E-12
7.24E-05 3.2E-05 2.2932293 8E-07 -4E-07 0.1640164 8E-13 1.6E-12
7.36E-05 3.12E-05 2.4572457 1.2E-06 -8E-07 0.1640164 2.08E-12 4.64E-12
12
5.48E-05 5.08E-05 0 0 0 0 0 0
5.48E-05 5E-05 0.1640164 0 -8E-07 0.1640164 6.4E-13 6.4E-13
5.48E-05 4.92E-05 0.3270327 0 -8E-07 0.1630163 6.4E-13 2.56E-12
5.4E-05 4.84E-05 0.4910491 -8E-07 -8E-07 0.1640164 1.28E-12 6.4E-12
5.36E-05 4.8E-05 0.6550655 -4E-07 -4E-07 0.1640164 3.2E-13 9.28E-12
5.32E-05 4.8E-05 0.8190819 -4E-07 0 0.1640164 1.6E-13 1.04E-11
5.32E-05 4.8E-05 0.9830983 0 0 0.1640164 0 1.04E-11
5.4E-05 4.8E-05 1.4741474 8E-07 0 0.4910491 6.4E-13 8.48E-12
5.44E-05 4.8E-05 1.6381638 4E-07 0 0.1640164 1.6E-13 8E-12
5.48E-05 4.8E-05 1.8021802 4E-07 0 0.1640164 1.6E-13 7.84E-12
5.52E-05 4.84E-05 1.9651965 4E-07 4E-07 0.1630163 3.2E-13 5.92E-12
5.56E-05 4.88E-05 2.1292129 4E-07 4E-07 0.1640164 3.2E-13 4.64E-12
